33333
44444444
55555555555555
6666666666666666666633333
44444444
55555555555555
6666666666666666666633333
44444444
55555555555555
6666666666666666666633333
44444444
55555555555555
6666666666666666666633333
44444444
55555555555555
6666666666666666666633333
44444444
55555555555555
6666666666666666666633333
44444444
55555555555555
6666666666666666666633333
44444444
55555555555555
6666666666666666666633333
44444444
55555555555555
6666666666666666666633333
44444444
55555555555555
6666666666666666666633333
44444444
55555555555555
6666666666666666666633333
44444444
55555555555555
6666666666666666666633333
44444444
55555555555555
6666666666666666666633333
44444444
55555555555555
6666666666666666666633333
44444444
55555555555555
6666666666666666666633333
44444444
55555555555555
6666666666666666666633333
44444444
55555555555555
6666666666666666666633333
44444444
55555555555555
6666666666666666666633333
44444444
55555555555555
6666666666666666666633333
44444444
55555555555555
6666666666666666666633333
44444444
55555555555555
6666666666666666666633333
44444444
55555555555555
6666666666666666666633333
44444444
55555555555555
6666666666666666666633333
44444444
55555555555555
6666666666666666666633333
44444444
55555555555555
6666666666666666666633333
44444444
55555555555555
6666666666666666666633333
44444444
55555555555555
6666666666666666666633333
44444444
55555555555555
6666666666666666666633333
44444444
55555555555555
6666666666666666666633333
44444444
55555555555555
6666666666666666666633333
44444444
55555555555555
6666666666666666666633333
44444444
55555555555555
6666666666666666666633333
44444444
55555555555555
66666666666666666666
